31.185784 120.367413
31.190704 120.368700
31.194595 120.369730
31.196284 120.369301
31.196944 120.366812
31.196210 120.365353
31.196577 120.362606
31.197825 120.358315
31.197458 120.357199
31.194889 120.355396
31.193567 120.355568
31.192466 120.355825
31.191364 120.354452
31.190557 120.353937
31.189455 120.354452
31.186225 120.350761
31.187032 120.348101
31.186518 120.347242
31.185857 120.347157
31.184829 120.347757
31.183655 120.347500
31.181525 120.348101
31.180350 120.349646
31.180497 120.352306
31.181011 120.353937
31.182039 120.354452
31.182773 120.356255
31.183287 120.358057
31.184976 120.360203
31.186445 120.362091
31.186078 120.363894
31.185637 120.365610
31.185490 120.366812
