31.016750 120.285015
31.023664 120.284843
31.028960 120.285702
31.031019 120.288792
31.032490 120.290337
31.033961 120.289650
31.035432 120.289478
31.036020 120.291023
31.036168 120.293083
31.035285 120.294113
31.034255 120.296173
31.035138 120.297890
31.034844 120.299263
31.032343 120.301495
31.027783 120.303040
31.024988 120.302868
31.023370 120.302010
31.022782 120.300465
31.023370 120.299435
31.025283 120.295830
31.023959 120.293255
31.021311 120.291367
31.019398 120.290165
31.017192 120.288448
31.015720 120.287247
31.016162 120.285702
