31.156996 120.281067
31.143480 120.263901
31.138779 120.254288
31.131138 120.241928
31.123497 120.223389
31.124673 120.201416
31.124673 120.194550
31.118207 120.195923
31.113504 120.204163
31.107037 120.210342
31.103509 120.230255
31.098218 120.232315
31.096454 120.239525
31.090574 120.238152
31.091456 120.247421
31.085870 120.251198
31.076755 120.244331
31.071168 120.245361
31.064992 120.274544
31.063522 120.292053
31.060287 120.294800
31.060875 120.298233
31.064110 120.296173
31.073520 120.299606
31.082636 120.298920
31.087634 120.303040
31.096160 120.308189
31.104979 120.318146
31.105273 120.326042
31.112328 120.337372
31.113210 120.344238
31.119676 120.350075
31.121440 120.350418
31.125260 120.357971
31.128787 120.358315
31.133783 120.356598
31.144949 120.354538
31.149651 120.346642
31.146712 120.334625
31.159640 120.333595
31.158465 120.318489
31.154352 120.316772
31.152001 120.303383
31.154352 120.301666
31.158759 120.285530
