31.253753 120.289478
31.253313 120.285702
31.252286 120.283642
31.250965 120.282440
31.249938 120.282440
31.250085 120.284328
31.249351 120.286217
31.247737 120.285873
31.244508 120.284672
31.244214 120.282612
31.243187 120.280552
31.241572 120.281067
31.239811 120.283298
31.237903 120.285873
31.237903 120.287762
31.238197 120.290508
31.239224 120.291710
31.240545 120.291882
31.243480 120.289993
31.245242 120.290508
31.247296 120.292397
31.248617 120.293598
31.252286 120.293255
31.253607 120.291882
