31.107037 120.572205
31.091750 120.581818
31.091456 120.589371
31.087634 120.589371
31.060581 120.546455
31.056169 120.547142
31.046757 120.534782
31.050287 120.530663
31.043816 120.519333
31.049993 120.512466
31.031755 120.487061
31.023517 120.490150
31.012631 120.480194
31.002920 120.475044
30.986145 120.446892
30.947286 120.367928
30.935802 120.323982
30.926083 120.241241
30.929323 120.203476
30.942869 120.140991
30.956119 120.110779
30.976137 120.092926
31.004392 120.054817
31.018221 120.016708
31.028519 119.999886
31.044992 119.994049
31.059993 119.988213
31.104685 119.947014
31.145243 119.938774
31.184609 119.912338
31.210159 119.917831
31.235702 119.900665
31.317275 119.943237
31.423683 120.032501
31.429835 120.034904
31.445360 120.025291
31.450046 120.013618
31.474646 120.033531
31.481087 120.044518
31.476110 120.052414
31.473182 120.065460
31.466154 120.067863
31.458833 120.076103
31.450046 120.082283
31.436865 120.085716
31.430128 120.075073
31.420753 120.069237
31.411377 120.065460
31.401707 120.069580
31.396140 120.062027
31.377968 120.065117
31.372985 120.065804
31.370640 120.073357
31.364191 120.078850
31.365071 120.080223
31.383537 120.080566
31.391744 120.087090
31.407861 120.104942
31.407568 120.113525
31.404638 120.123482
31.399070 120.124512
31.399217 120.126057
31.400975 120.127258
31.399070 120.129318
31.398484 120.130863
31.400828 120.131893
31.404931 120.137901
31.418849 120.132580
31.422218 120.134983
31.429981 120.133266
31.432178 120.130692
31.434376 120.130863
31.438916 120.136013
31.446385 120.134468
31.448143 120.132236
31.451364 120.131893
31.467764 120.137386
31.480794 120.137043
31.492505 120.133610
31.500848 120.130348
31.506996 120.132065
31.510508 120.142536
31.510654 120.147514
31.510215 120.153179
31.520313 120.159531
31.529385 120.164165
31.545186 120.186825
31.548112 120.191288
31.543431 120.189571
31.536262 120.190258
31.531141 120.196095
31.530263 120.199871
31.529385 120.203133
31.524703 120.216007
31.511679 120.232143
31.505239 120.231800
31.500848 120.235748
31.491773 120.234203
31.487382 120.236092
31.479330 120.229053
31.478013 120.226822
31.474792 120.229912
31.466447 120.225105
31.455318 120.215664
31.448875 120.212746
31.447996 120.209484
31.446239 120.208969
31.444335 120.209312
31.440673 120.207939
31.439648 120.208969
31.440381 120.212917
31.438623 120.215149
31.435987 120.215321
31.432032 120.213432
31.430860 120.213604
31.430274 120.216522
31.429835 120.219097
31.427638 120.220470
31.423829 120.220642
31.421339 120.217037
31.418995 120.218239
31.416944 120.220985
31.414893 120.221329
31.411963 120.212917
31.408887 120.208626
31.407275 120.209141
31.405956 120.215836
31.404345 120.218410
31.400535 120.221329
31.397605 120.226135
31.397458 120.229912
31.398777 120.234203
31.403466 120.239010
31.408447 120.241585
31.415772 120.252399
31.417091 120.260639
31.417384 120.272141
31.418263 120.278492
31.433643 120.302868
31.437305 120.306473
31.448875 120.329647
31.446385 120.332222
31.455465 120.346127
31.461322 120.352478
31.463225 120.352993
31.463665 120.356426
31.457661 120.374107
31.464836 120.379257
31.458393 120.394878
31.450339 120.404491
31.448435 120.403461
31.444188 120.406895
31.430567 120.409470
31.429835 120.405693
31.420900 120.404835
31.420167 120.409298
31.417384 120.409985
31.415040 120.408268
31.407275 120.407753
31.398191 120.402260
31.379434 120.396252
31.377968 120.392990
31.376210 120.391788
31.377382 120.385265
31.371666 120.382004
31.368588 120.386982
31.358474 120.360718
31.360233 120.345097
31.361553 120.342178
31.362432 120.334454
31.359501 120.332737
31.356129 120.332222
31.350998 120.332222
31.340443 120.328617
31.335604 120.324497
31.325193 120.323296
31.318301 120.315914
31.318301 120.312481
31.316395 120.307846
31.316101 120.303555
31.312728 120.297718
31.312728 120.290852
31.309502 120.285015
31.306568 120.289993
31.306862 120.295315
31.304662 120.299263
31.307302 120.305786
31.305982 120.312309
31.306275 120.315056
31.310675 120.323811
31.311995 120.340805
31.308328 120.348358
31.303928 120.344582
31.302315 120.344753
31.290140 120.338917
31.285593 120.331879
31.270041 120.332909
31.275617 120.309906
31.264172 120.310936
31.259183 120.327072
31.262998 120.361748
31.258596 120.364838
31.264172 120.384750
31.245388 120.395737
31.231005 120.382004
31.227482 120.366211
31.214563 120.360718
31.212214 120.382347
31.213095 120.403290
31.217206 120.443802
31.217206 120.475731
31.192539 120.485687
31.161697 120.458221
31.135840 120.435219
31.133195 120.429382
31.116443 120.442772
31.106449 120.438995
31.095572 120.424919
31.102334 120.413589
31.113210 120.403633
31.112916 120.392647
31.104979 120.384407
31.096454 120.382347
31.086164 120.374794
31.082636 120.362091
31.077343 120.357285
31.073520 120.357285
31.066463 120.358315
31.061169 120.349731
31.059699 120.334282
31.047640 120.332565
31.037638 120.328789
31.025871 120.348701
31.016456 120.359344
31.023223 120.375824
31.024106 120.388870
31.015573 120.408783
31.030284 120.421143
31.027048 120.425949
31.066463 120.449982
31.113504 120.480537
31.117325 120.500793
31.112328 120.510063
31.115855 120.520363
31.109683 120.527916
31.111152 120.551949
31.107037 120.572205
