31.241572 119.901695
31.307595 119.937057
31.373865 119.990273
31.411377 120.020485
31.428370 120.035591
31.445946 120.025635
31.449461 120.017052
31.457954 120.018425
31.475524 120.034218
31.477866 120.049324
31.468496 120.067520
31.450632 120.082283
31.434522 120.083313
31.423683 120.070267
31.391744 120.064087
31.374744 120.066833
31.373278 120.076790
31.384124 120.081253
31.406689 120.103569
31.405224 120.121422
31.416065 120.133781
31.447117 120.133095
31.478452 120.137901
31.500117 120.131378
31.511240 120.154037
31.529970 120.164337
31.539334 120.180817
31.530556 120.202789
31.504800 120.233002
31.478452 120.229225
31.445653 120.209312
31.407861 120.210686
31.404931 120.229912
31.414014 120.248795
31.417823 120.276604
31.444188 120.320206
31.447410 120.337715
31.457368 120.350075
31.459125 120.376167
31.452389 120.401573
31.423683 120.405693
31.375917 120.392647
31.360087 120.367241
31.360673 120.339432
31.346014 120.329475
31.322554 120.319862
31.312875 120.297546
31.304662 120.298920
31.305248 120.316429
31.304662 120.338745
31.295861 120.346985
31.285299 120.345268
31.272976 120.327415
31.270628 120.311623
31.260063 120.310936
31.254194 120.319176
31.262411 120.354881
31.253607 120.389214
31.234821 120.391960
31.226894 120.371361
31.215150 120.367928
31.211921 120.379257
31.216912 120.397453
31.212801 120.420456
31.219261 120.459595
31.210159 120.482941
31.180497 120.479507
31.146712 120.444489
31.131726 120.428696
31.123791 120.431099
31.107037 120.441055
31.098806 120.432472
31.094690 120.422173
31.111740 120.403633
31.107331 120.386810
31.086458 120.376167
31.080577 120.356255
31.071756 120.355225
31.059404 120.346298
31.050875 120.331192
31.039403 120.328789
31.030578 120.337029
31.017339 120.358658
31.024694 120.395737
31.022929 120.415649
31.031167 120.431442
31.065286 120.451355
31.111740 120.480881
31.118207 120.509033
31.110564 120.539246
31.099394 120.574265
31.084694 120.577698
31.067051 120.550919
31.035285 120.485687
31.004097 120.473328
30.965834 120.404663
30.938157 120.322266
30.927556 120.248795
30.937569 120.167770
30.958180 120.109406
31.002332 120.059967
31.028225 120.004349
31.064698 119.985809
31.129375 119.941864
31.155233 119.934998
31.189308 119.913712
31.223371 119.909592
